     0/272       11G      3.27      2.17         0      5.44       145       416      0.53     0.847     0.779     0.652      2.42      1.05         0
     1/272       11G      2.64      1.47         0      4.11       146       416      0.54     0.856     0.792     0.662      2.28      1.01         0
     2/272       11G      2.52       1.4         0      3.92       134       416     0.547     0.862     0.803     0.669      2.21      0.97         0
     3/272       11G      2.45      1.35         0       3.8       109       416     0.482     0.882      0.81     0.624      2.16     0.967         0
     4/272       11G      2.39      1.33         0      3.72        98       416     0.529     0.876     0.809      0.66      2.14     0.945         0
     5/272       11G      2.36       1.3         0      3.66       187       416     0.524     0.887     0.819     0.659      2.14      0.94         0
     6/272       11G      2.33      1.29         0      3.62       183       416     0.538      0.88     0.814     0.668      2.09     0.924         0
     7/272       11G       2.3      1.28         0      3.58       128       416     0.548     0.885     0.821     0.677      2.08     0.918         0
     8/272       11G      2.28      1.28         0      3.56       150       416     0.572     0.883      0.82     0.694      2.07     0.917         0
     9/272       11G      2.27      1.26         0      3.53       145       416     0.576     0.885     0.827     0.698      2.06     0.916         0
    10/272       11G      2.25      1.25         0      3.51       103       416     0.548     0.881     0.812     0.676      2.05      0.92         0
    11/272       11G      2.24      1.25         0      3.49       181       416     0.561     0.886     0.821     0.687      2.05      0.92         0
    12/272       11G      2.23      1.24         0      3.47       145       416      0.52     0.892      0.83     0.657      2.02     0.914         0
    13/272       11G      2.22      1.24         0      3.46       121       416     0.537      0.88     0.819     0.667      2.04     0.918         0
    14/272       11G      2.21      1.24         0      3.45       105       416      0.56     0.878     0.816     0.684      2.03     0.924         0
    15/272       11G      2.21      1.24         0      3.45       132       416     0.541     0.888     0.817     0.672      2.04     0.935         0
    16/272       11G       2.2      1.24         0      3.43       135       416     0.565     0.877     0.813     0.688      2.06     0.934         0
    17/272       11G      2.19      1.24         0      3.43       134       416     0.532     0.888     0.821     0.665      2.02     0.913         0
    18/272       11G      2.18      1.23         0      3.41       116       416      0.56     0.886     0.823     0.686      2.02     0.916         0
    19/272       11G      2.18      1.23         0      3.41       115       416      0.53     0.898     0.828     0.667         2     0.931         0
    20/272       11G      2.18      1.24         0      3.42       159       416     0.535     0.886      0.82     0.667      1.99     0.917         0
    21/272       11G      2.17      1.23         0       3.4       107       416     0.509     0.889     0.817     0.647      2.01     0.925         0
    22/272       11G      2.17      1.22         0      3.39       122       416     0.529     0.881     0.817     0.661      2.04     0.935         0
    23/272       11G      2.17      1.23         0      3.39       151       416     0.528     0.889     0.819     0.663         2     0.925         0
    24/272       11G      2.16      1.23         0      3.39       113       416     0.548     0.883     0.819     0.676         2     0.941         0
    25/272       11G      2.16      1.22         0      3.38       121       416     0.522     0.886     0.816     0.657      2.01     0.935         0
    26/272       11G      2.16      1.23         0      3.39       139       416     0.534     0.877      0.81     0.664      2.01     0.923         0
    27/272       11G      2.16      1.23         0      3.38       130       416     0.497     0.886     0.811     0.637      2.03     0.934         0
    28/272       11G      2.15      1.23         0      3.38       194       416     0.559     0.888      0.82     0.686         2      0.93         0
    29/272       11G      2.15      1.22         0      3.37       150       416     0.554     0.884     0.821     0.681      1.98     0.927         0
    30/272       11G      2.14      1.22         0      3.36       123       416     0.518     0.886     0.817     0.654      2.01     0.924         0
    31/272       11G      2.15      1.23         0      3.38       119       416      0.52     0.883      0.82     0.655         2      0.93         0
    32/272       11G      2.14      1.22         0      3.37       130       416     0.542     0.884     0.815     0.672         2      0.94         0
    33/272       11G      2.14      1.23         0      3.37       123       416      0.56     0.877     0.813     0.684      2.02     0.936         0
    34/272       11G      2.14      1.23         0      3.37       127       416     0.578     0.871     0.814     0.695      2.01     0.924         0
    35/272       11G      2.14      1.23         0      3.36       172       416     0.552     0.875      0.81     0.677      2.02     0.941         0
    36/272       11G      2.13      1.23         0      3.36       144       416     0.518     0.884     0.812     0.653      2.03     0.945         0
    37/272       11G      2.13      1.22         0      3.35       122       416       0.5     0.886     0.814     0.639         2     0.916         0
    38/272       11G      2.13      1.23         0      3.36       166       416     0.596     0.872     0.812     0.708      1.99     0.934         0
    39/272       11G      2.13      1.23         0      3.36       137       416     0.532     0.879     0.808     0.663         2     0.954         0
    40/272       11G      2.12      1.23         0      3.35       127       416     0.566      0.87     0.806     0.686      2.03     0.958         0
    41/272       11G      2.13      1.22         0      3.35       123       416     0.533     0.882     0.814     0.665      1.99     0.944         0
    42/272       11G      2.12      1.23         0      3.35       141       416     0.533     0.872     0.804     0.662      2.03     0.959         0
    43/272       11G      2.12      1.23         0      3.35       148       416     0.574     0.876     0.807     0.694      1.99     0.942         0
    44/272       11G      2.12      1.22         0      3.34       147       416     0.556     0.879     0.809     0.681      1.98     0.928         0
    45/272       11G      2.11      1.22         0      3.34       142       416      0.56     0.872     0.809     0.682      2.01     0.951         0
    46/272       11G      2.11      1.21         0      3.33       131       416     0.535     0.882     0.814     0.666      1.99     0.947         0
    47/272       11G      2.11      1.22         0      3.32       158       416      0.51     0.884     0.816     0.647      1.97     0.943         0
    48/272       11G      2.11      1.22         0      3.33       124       416     0.527     0.883     0.818      0.66         2     0.937         0
    49/272       11G      2.11      1.22         0      3.33       174       416      0.47     0.891     0.813     0.615      1.97     0.943         0
    50/272       11G       2.1      1.22         0      3.32       116       416      0.54     0.889     0.818     0.672      1.97     0.917         0
    51/272       11G       2.1      1.21         0      3.32       107       416     0.558     0.875     0.813     0.682      1.99     0.955         0
    52/272       11G       2.1      1.22         0      3.32       158       416     0.514     0.882     0.814      0.65      1.99     0.933         0
    53/272       11G      2.09      1.21         0      3.31       135       416     0.546     0.881     0.819     0.674      1.98     0.927         0
    54/272       11G       2.1      1.22         0      3.32       158       416     0.537     0.882     0.814     0.667      1.98     0.948         0
    55/272       11G       2.1      1.21         0      3.31       130       416      0.54     0.879     0.805     0.669         2     0.936         0
    56/272       11G      2.09      1.22         0      3.31       156       416     0.536     0.876     0.807     0.665      1.98     0.959         0
    57/272       11G      2.09      1.21         0       3.3       165       416     0.543     0.865     0.801     0.667      2.05     0.991         0
    58/272       11G      2.09      1.21         0       3.3       131       416     0.519      0.89     0.824     0.655      1.97     0.914         0
    59/272       11G      2.08      1.21         0      3.29       132       416     0.507     0.885     0.814     0.645      1.97     0.937         0
    60/272       11G      2.08      1.21         0      3.29       128       416     0.547     0.878     0.813     0.674      1.97     0.944         0
    61/272       11G      2.08      1.21         0      3.29       125       416       0.6     0.867     0.809     0.709         2      0.95         0
    62/272       11G      2.08      1.21         0      3.29       129       416     0.576     0.867       0.8     0.692      2.02     0.973         0
    63/272       11G      2.08      1.21         0      3.29       128       416     0.534      0.89     0.821     0.668      1.95     0.926         0
    64/272       11G      2.08      1.21         0      3.28       176       416     0.531     0.878     0.807     0.662         2     0.952         0
    65/272       11G      2.08      1.21         0      3.29       137       416     0.553     0.883     0.815      0.68      1.97     0.931         0
    66/272       11G      2.07       1.2         0      3.28       120       416     0.476     0.887     0.807      0.62      1.97     0.941         0
    67/272       11G      2.08      1.21         0      3.28       161       416     0.585     0.874     0.812     0.701      1.99      0.94         0
    68/272       11G      2.07      1.21         0      3.27       127       416     0.562     0.887     0.825     0.688      1.94     0.926         0
    69/272       11G      2.07       1.2         0      3.27       134       416     0.534     0.887     0.819     0.666      1.94     0.927         0
    70/272       11G      2.07       1.2         0      3.27       124       416     0.557     0.888     0.821     0.685      1.94     0.914         0
    71/272       11G      2.07       1.2         0      3.26       128       416     0.557     0.877     0.814     0.681      1.98      0.94         0
    72/272       11G      2.06       1.2         0      3.27       118       416     0.584     0.879     0.814     0.702      1.97     0.926         0
    73/272       11G      2.06      1.19         0      3.26       169       416     0.525     0.888     0.811      0.66      1.95     0.931         0
    74/272       11G      2.06      1.19         0      3.25       176       416     0.569      0.88     0.822     0.691      1.95     0.919         0
    75/272       11G      2.06      1.19         0      3.25       146       416     0.579     0.881     0.821     0.699      1.95     0.922         0
    76/272       11G      2.07       1.2         0      3.26       177       416     0.521     0.882     0.813     0.655      1.97     0.925         0
    77/272       11G      2.06      1.19         0      3.26       153       416     0.562      0.88     0.819     0.686      1.96     0.934         0
    78/272       11G      2.06      1.19         0      3.25       132       416     0.591     0.871     0.814     0.704      1.99      0.95         0
    79/272       11G      2.05      1.19         0      3.25       169       416      0.54     0.881     0.814      0.67      1.98     0.946         0
    80/272       11G      2.06       1.2         0      3.25       124       416     0.513     0.881     0.806     0.649      1.97     0.939         0
    81/272       11G      2.05      1.19         0      3.24       184       416     0.601      0.87     0.815     0.711      1.97     0.939         0
    82/272       11G      2.06      1.19         0      3.25       124       416     0.573     0.872     0.806     0.691      1.98     0.964         0
    83/272       11G      2.05      1.19         0      3.24       132       416     0.578     0.877     0.813     0.697      1.94     0.937         0
    84/272       11G      2.05      1.19         0      3.24       123       416     0.575     0.876     0.814     0.694      1.96     0.938         0
    85/272       11G      2.05      1.19         0      3.23       141       416      0.55     0.877     0.806     0.676      1.97      0.93         0
    86/272       11G      2.05      1.18         0      3.23       120       416     0.541     0.884     0.817     0.671      1.95     0.913         0
    87/272       11G      2.05      1.19         0      3.23       142       416     0.536     0.876     0.805     0.665      1.97     0.959         0
    88/272       11G      2.05      1.19         0      3.23       130       416     0.565     0.876     0.808     0.687      1.97     0.939         0
    89/272       11G      2.05      1.19         0      3.23       151       416     0.552      0.88     0.812     0.678      1.96     0.928         0
    90/272       11G      2.04      1.19         0      3.23       149       416      0.54     0.883     0.815      0.67      1.94     0.926         0
    91/272       11G      2.04      1.18         0      3.23       139       416     0.526     0.887     0.811      0.66      1.94     0.928         0
    92/272       11G      2.04      1.18         0      3.22       175       416     0.562     0.877     0.816     0.685      1.95     0.939         0
    93/272       11G      2.04      1.18         0      3.22        97       416     0.563     0.879      0.81     0.687      1.97     0.934         0
    94/272       11G      2.04      1.18         0      3.22       153       416     0.569     0.881     0.817     0.692      1.94     0.925         0
    95/272       11G      2.04      1.18         0      3.21       114       416     0.569     0.878     0.813      0.69      1.95     0.923         0
    96/272       11G      2.03      1.18         0      3.21       191       416     0.565     0.877     0.813     0.687      1.97     0.957         0
    97/272       11G      2.04      1.18         0      3.22       161       416     0.555     0.884     0.822     0.682      1.94     0.923         0
    98/272       11G      2.03      1.18         0      3.21       151       416     0.509     0.888      0.81     0.647      1.93      0.93         0
    99/272       11G      2.04      1.18         0      3.21       157       416     0.568     0.883     0.817     0.692      1.94     0.924         0
   100/272       11G      2.03      1.18         0      3.21       140       416     0.562     0.881     0.814     0.687      1.93     0.929         0
   101/272       11G      2.03      1.18         0      3.21       168       416     0.519     0.879     0.808     0.652      1.96     0.951         0
   102/272       11G      2.03      1.18         0      3.21       135       416      0.59     0.873     0.814     0.704      1.95     0.931         0
   103/272       11G      2.03      1.17         0      3.19       131       416     0.552      0.88     0.813     0.679      1.95      0.93         0
   104/272       11G      2.03      1.18         0      3.21       148       416     0.548     0.881     0.814     0.676      1.95     0.931         0
   105/272       11G      2.02      1.18         0       3.2       121       416     0.564     0.874     0.814     0.685      1.97     0.962         0
   106/272       11G      2.02      1.17         0       3.2       106       416      0.55     0.874     0.807     0.675      1.99     0.948         0
   107/272       11G      2.03      1.18         0       3.2       106       416     0.534     0.878     0.807     0.664      1.95     0.929         0
   108/272       11G      2.02      1.18         0       3.2        93       416     0.526     0.887     0.811     0.661      1.92     0.923         0
   109/272       11G      2.02      1.17         0       3.2       162       416      0.55     0.881      0.82     0.677      1.95     0.945         0
   110/272       11G      2.02      1.17         0      3.19       152       416     0.534     0.879     0.803     0.664      1.98     0.943         0
   111/272       11G      2.02      1.17         0      3.19       127       416     0.538     0.875     0.799     0.667      1.98     0.962         0
   112/272       11G      2.02      1.16         0      3.18       137       416     0.541     0.884     0.816     0.671      1.94      0.93         0
   113/272       11G      2.02      1.17         0      3.19       159       416     0.575     0.879     0.816     0.696      1.93      0.93         0
   114/272       11G      2.02      1.17         0      3.18       119       416      0.53     0.875     0.808      0.66      1.99     0.947         0
   115/272       11G      2.01      1.17         0      3.18       131       416      0.54     0.882     0.814     0.669      1.96      0.94         0
   116/272       11G      2.01      1.17         0      3.18       147       416     0.542     0.885      0.82     0.673      1.94     0.921         0
   117/272       11G      2.01      1.17         0      3.18       132       416     0.592     0.871      0.81     0.705      1.97     0.963         0
   118/272       11G      2.01      1.16         0      3.18       186       416     0.581     0.881      0.82       0.7      1.91     0.916         0
   119/272       11G      2.01      1.17         0      3.18       133       416     0.551     0.877     0.811     0.677      1.95     0.948         0
   120/272       11G      2.02      1.17         0      3.18       115       416     0.564     0.881     0.816     0.688      1.94     0.929         0
   121/272       11G      2.01      1.17         0      3.18       120       416     0.546     0.887     0.822     0.676      1.92     0.929         0
   122/272       11G      2.01      1.17         0      3.18       149       416     0.545     0.874     0.803     0.671      1.96     0.955         0
   123/272       11G      2.01      1.16         0      3.18       166       416     0.541     0.889     0.819     0.673      1.93      0.94         0
   124/272       11G      2.02      1.17         0      3.18       135       416     0.541     0.886      0.85     0.672      1.41     0.295         0
   125/272     10.4G      1.86      1.05         0      2.91       178       416     0.618      0.94     0.898     0.746      1.72      0.74         0
   126/272     10.4G      1.85      1.04         0      2.89       146       416     0.631      0.94     0.904     0.755       1.7     0.737         0
   127/272     10.4G      1.84      1.04         0      2.88       192       416     0.639     0.941     0.903     0.762      1.68      0.73         0
   128/272     10.4G      1.83      1.03         0      2.87       145       416     0.647     0.942     0.903     0.767      1.69      0.74         0
   129/272     10.4G      1.84      1.03         0      2.87       137       416     0.669      0.94     0.904     0.782      1.67     0.722         0
   130/272     10.4G      1.83      1.03         0      2.85       164       416     0.638     0.945     0.907     0.762      1.68     0.723         0
   131/272     10.4G      1.83      1.03         0      2.85       144       416     0.651     0.943     0.905      0.77      1.67     0.718         0
   132/272     10.4G      1.83      1.03         0      2.86       161       416     0.631     0.945     0.909     0.757      1.66     0.733         0
   133/272     10.4G      1.82      1.02         0      2.84       149       416     0.669     0.941     0.908     0.782      1.67     0.725         0
   134/272     10.4G      1.82      1.03         0      2.85       177       416     0.689     0.937     0.898     0.794      1.68     0.738         0
   135/272     10.4G      1.82      1.03         0      2.84       112       416     0.662     0.948      0.91     0.779      1.66     0.719         0
   136/272     10.4G      1.82      1.02         0      2.84       142       416     0.676      0.94     0.907     0.786      1.66     0.717         0
   137/272     10.4G      1.81      1.02         0      2.83       164       416     0.654     0.945     0.909     0.773      1.67     0.718         0
   138/272     10.4G      1.81      1.02         0      2.83       183       416     0.624     0.945     0.906     0.752      1.65     0.725         0
   139/272     10.4G      1.82      1.02         0      2.84       134       416     0.641     0.946     0.908     0.764      1.66     0.721         0
   140/272     10.4G      1.81      1.02         0      2.83       185       416     0.675     0.944     0.912     0.787      1.66     0.717         0
   141/272     10.4G      1.81      1.02         0      2.84       115       416     0.612     0.947     0.906     0.743      1.65     0.725         0
   142/272     10.4G      1.81      1.01         0      2.82       158       416     0.647     0.945     0.907     0.768      1.65     0.722         0
   143/272     10.4G      1.81      1.01         0      2.82       126       416     0.664     0.946     0.909      0.78      1.66     0.717         0
   144/272     10.4G      1.81      1.02         0      2.83       139       416     0.657     0.947     0.908     0.776      1.66      0.74         0
   145/272     10.4G       1.8      1.02         0      2.82       156       416     0.681     0.942     0.907      0.79      1.64     0.737         0
   146/272     10.4G       1.8      1.01         0      2.82       180       416     0.671     0.946      0.91     0.785      1.64     0.731         0
   147/272     10.4G      1.81      1.01         0      2.82       166       416     0.654     0.945     0.909     0.773      1.67     0.723         0
   148/272     10.4G       1.8      1.01         0      2.82       129       416     0.701     0.945     0.913     0.805      1.65     0.723         0
   149/272     10.4G       1.8      1.01         0      2.82       112       416     0.705      0.94     0.908     0.806      1.66     0.732         0
   150/272     10.4G       1.8      1.01         0      2.81       111       416     0.708     0.941      0.91     0.808      1.65     0.716         0
   151/272     10.4G      1.79         1         0       2.8       145       416     0.665     0.945     0.908     0.781      1.65     0.719         0
   152/272     10.4G       1.8      1.01         0       2.8       148       416     0.684     0.944     0.909     0.794      1.65     0.718         0
   153/272     10.4G      1.79         1         0      2.79       188       416     0.638     0.946     0.908     0.762      1.65     0.729         0
   154/272     10.4G      1.79      1.01         0       2.8       163       416     0.654     0.946     0.908     0.773      1.65     0.721         0
   155/272     10.4G      1.79         1         0       2.8       148       416     0.683     0.944     0.909     0.793      1.64     0.723         0
   156/272     10.4G      1.79     0.997         0      2.78       159       416     0.677      0.94      0.91     0.787      1.66     0.728         0
   157/272     10.4G      1.79         1         0      2.79       127       416     0.653     0.946      0.91     0.772      1.66     0.729         0
   158/272     10.4G      1.79         1         0      2.79       149       416      0.67     0.946      0.91     0.784      1.63      0.72         0
   159/272     10.4G      1.79     0.996         0      2.78       137       416     0.616     0.948     0.904     0.747      1.67     0.747         0
   160/272     10.4G      1.78         1         0      2.79       114       416     0.687     0.943     0.909     0.795      1.65     0.728         0
   161/272     10.4G      1.79      1.01         0       2.8       114       416     0.671     0.945      0.91     0.784      1.65     0.733         0
   162/272     10.4G      1.79     0.996         0      2.78       192       416     0.657     0.945     0.908     0.775      1.66     0.727         0
   163/272     10.4G      1.78     0.994         0      2.78       174       416     0.656     0.947     0.912     0.775      1.65     0.735         0
   164/272     10.4G      1.78     0.996         0      2.78       142       416     0.644     0.949     0.913     0.768      1.65     0.721         0
   165/272     10.4G      1.79     0.997         0      2.78       146       416     0.696      0.94     0.912       0.8      1.64     0.723         0
   166/272     10.4G      1.78     0.996         0      2.78       139       416     0.677     0.941      0.91     0.787      1.66     0.727         0
   167/272     10.4G      1.78         1         0      2.78       130       416     0.658     0.943     0.909     0.775      1.65     0.726         0
   168/272     10.4G      1.78     0.992         0      2.77       148       416     0.657     0.946     0.909     0.776      1.65     0.736         0
   169/272     10.4G      1.78     0.995         0      2.77       123       416     0.646     0.948     0.906     0.768      1.63     0.725         0
   170/272     10.4G      1.78     0.993         0      2.77       150       416     0.639     0.945     0.904     0.762      1.65     0.748         0
   171/272     10.4G      1.78      0.99         0      2.77       194       416     0.657     0.949     0.911     0.776      1.63     0.726         0
   172/272     10.4G      1.78     0.989         0      2.77       135       416     0.646     0.948      0.91     0.768      1.65     0.725         0
   173/272     10.4G      1.78      0.99         0      2.77       139       416     0.692     0.944     0.911     0.799      1.65     0.726         0
   174/272     10.4G      1.78     0.993         0      2.77       132       416     0.654     0.945      0.91     0.773      1.64     0.735         0
   175/272     10.4G      1.78      0.99         0      2.77       166       416     0.682     0.942     0.909     0.791      1.66     0.743         0
   176/272     10.4G      1.78     0.992         0      2.77       141       416      0.63     0.946     0.909     0.757      1.65     0.722         0
   177/272     10.4G      1.78     0.993         0      2.78       172       416     0.662     0.946     0.909     0.779      1.65     0.727         0
   178/272     10.4G      1.78     0.995         0      2.77       156       416     0.686     0.946     0.911     0.795      1.64     0.727         0
   179/272     10.4G      1.78     0.993         0      2.77       143       416     0.669     0.944      0.91     0.783      1.64     0.731         0
   180/272     10.4G      1.78     0.995         0      2.77       157       416     0.649     0.945      0.91      0.77      1.65     0.721         0
   181/272     10.4G      1.77     0.989         0      2.76       128       416     0.652     0.945     0.908     0.772      1.64     0.734         0
   182/272     10.4G      1.77     0.992         0      2.76       146       416     0.656     0.947     0.908     0.775      1.65     0.726         0
   183/272     10.4G      1.77     0.988         0      2.76       173       416     0.664     0.946     0.908     0.781      1.64     0.727         0
   184/272     10.4G      1.76     0.979         0      2.74       145       416     0.689     0.941      0.91     0.796      1.64     0.727         0
   185/272     10.4G      1.77     0.979         0      2.75       148       416     0.668     0.944      0.91     0.783      1.63      0.73         0
   186/272     10.4G      1.77     0.975         0      2.74       188       416     0.688     0.941     0.911     0.795      1.64     0.734         0
   187/272     10.4G      1.76     0.983         0      2.75       163       416     0.665     0.944     0.908      0.78      1.64     0.723         0
   188/272     10.4G      1.77     0.978         0      2.74       148       416     0.683     0.944     0.909     0.792      1.64     0.727         0
   189/272     10.4G      1.76     0.972         0      2.73       159       416     0.661     0.944      0.91     0.778      1.65     0.741         0
   190/272     10.4G      1.76     0.975         0      2.74       127       416     0.681     0.944     0.911     0.791      1.66     0.733         0
   191/272     10.4G      1.76     0.976         0      2.74       149       416     0.679     0.943      0.91      0.79      1.64     0.739         0
   192/272     10.4G      1.76     0.971         0      2.73       137       416     0.655     0.944     0.907     0.773      1.64     0.738         0
   193/272     10.4G      1.76     0.977         0      2.73       114       416     0.693     0.942     0.908     0.799      1.65     0.733         0
   194/272     10.4G      1.76     0.981         0      2.74       114       416     0.673     0.944     0.911     0.786      1.63     0.732         0
   195/272     10.4G      1.76     0.971         0      2.73       192       416     0.669     0.948     0.909     0.784      1.64     0.723         0
   196/272     10.4G      1.76     0.971         0      2.73       174       416     0.677     0.944     0.911     0.788      1.64     0.733         0
   197/272     10.4G      1.76     0.973         0      2.73       142       416     0.659     0.945      0.91     0.777      1.65     0.736         0
   198/272     10.4G      1.76     0.974         0      2.73       146       416     0.686     0.942     0.911     0.794      1.66     0.735         0
   199/272     10.4G      1.76     0.973         0      2.73       139       416     0.678     0.942      0.91     0.789      1.65      0.73         0
   200/272     10.4G      1.76     0.977         0      2.73       130       416      0.63     0.945     0.907     0.756      1.64     0.743         0
   201/272     10.4G      1.75      0.97         0      2.72       148       416     0.668     0.947     0.909     0.783      1.63     0.744         0
   202/272     10.4G      1.75     0.973         0      2.73       123       416     0.669     0.943     0.906     0.783      1.64     0.735         0
   203/272     10.4G      1.75      0.97         0      2.72       150       416      0.66     0.946     0.907     0.777      1.64     0.744         0
   204/272     10.4G      1.76     0.969         0      2.72       194       416     0.669     0.946      0.91     0.784      1.63      0.73         0
   205/272     10.4G      1.75     0.967         0      2.72       135       416     0.663     0.949     0.911     0.781      1.63     0.739         0
   206/272     10.4G      1.76     0.968         0      2.73       139       416      0.68     0.944      0.91     0.791      1.66     0.746         0
   207/272     10.4G      1.75      0.97         0      2.72       132       416     0.677     0.944     0.911     0.788      1.64      0.74         0
   208/272     10.4G      1.75     0.967         0      2.72       166       416     0.671     0.944     0.909     0.785      1.63     0.741         0
   209/272     10.4G      1.75     0.971         0      2.72       141       416      0.65     0.942     0.906     0.769      1.66     0.729         0
   210/272     10.4G      1.76     0.969         0      2.73       172       416     0.669     0.944     0.909     0.783      1.65     0.738         0
   211/272     10.4G      1.75     0.972         0      2.72       156       416     0.655     0.944     0.906     0.773      1.63     0.747         0
   212/272     10.4G      1.75     0.969         0      2.72       143       416     0.672     0.943      0.91     0.785      1.63      0.74         0
   213/272     10.4G      1.75     0.971         0      2.73       157       416     0.654     0.943     0.907     0.772      1.64     0.741         0
   214/272     10.4G      1.75     0.966         0      2.72       128       416     0.671     0.944      0.91     0.785      1.64      0.75         0
   215/272     10.4G      1.75     0.969         0      2.72       146       416     0.671     0.948     0.911     0.786      1.64      0.73         0
   216/272     10.4G      1.75     0.962         0      2.71       173       416     0.673     0.944     0.908     0.786      1.65     0.745         0
   217/272     10.4G      1.76     0.973         0      2.73       183       416     0.663     0.943      0.91     0.778      1.64     0.736         0
   218/272     10.4G      1.75     0.975         0      2.73       110       416     0.672     0.943     0.909     0.785      1.65     0.743         0
   219/272     10.4G      1.65     0.885         0      2.53       132       416     0.689      0.95      0.92     0.799      1.55     0.707         0
   220/272     10.4G       1.6     0.852         0      2.46       116       416     0.689      0.95     0.919     0.799      1.53     0.705         0
   221/272     10.4G      1.58     0.833         0      2.41       155       416     0.695      0.95      0.92     0.803      1.53     0.701         0
   222/272     10.4G      1.57     0.817         0      2.38       116       416     0.684     0.951     0.919     0.796      1.53     0.709         0
   223/272     10.4G      1.55     0.809         0      2.36       155       416     0.705     0.949     0.914     0.809      1.53     0.707         0
   224/272     10.4G      1.54       0.8         0      2.34       145       416     0.698     0.948     0.912     0.804      1.53     0.716         0
   225/272     10.4G      1.54     0.792         0      2.33       118       416     0.696     0.949     0.912     0.803      1.53     0.722         0
   226/272     10.4G      1.54     0.787         0      2.32       155       416     0.702     0.949     0.913     0.807      1.52      0.72         0
   227/272     10.4G      1.53      0.78         0      2.31       147       416     0.708     0.948     0.912      0.81      1.53      0.72         0
   228/272     10.4G      1.52     0.775         0       2.3       153       416     0.709     0.946     0.913      0.81      1.53     0.723         0
   229/272     10.4G      1.52     0.767         0      2.28       150       416     0.704     0.949     0.912     0.808      1.53     0.733         0
   230/272     10.4G      1.51     0.763         0      2.27       160       416     0.709     0.947     0.913     0.811      1.53     0.735         0
   231/272     10.4G       1.5     0.764         0      2.27       145       416     0.709     0.947     0.912     0.811      1.53     0.733         0
   232/272     10.4G       1.5     0.759         0      2.26       176       416     0.708     0.947     0.912      0.81      1.52     0.733         0
   233/272     10.4G       1.5     0.758         0      2.26       125       416     0.708     0.948     0.911     0.811      1.52     0.733         0
   234/272     10.4G      1.49     0.749         0      2.24       197       416     0.712     0.946     0.913     0.813      1.52     0.742         0
   235/272     10.4G      1.49     0.749         0      2.24       150       416      0.72     0.947     0.912     0.818      1.53     0.734         0
   236/272     10.4G      1.49     0.742         0      2.23       144       416     0.708     0.947     0.912      0.81      1.53     0.739         0
   237/272     10.4G      1.49      0.74         0      2.23       132       416     0.721     0.944     0.912     0.818      1.53     0.755         0
   238/272     10.4G      1.48     0.736         0      2.22       173       416     0.716     0.946     0.913     0.815      1.53     0.744         0
   239/272     10.4G      1.48     0.733         0      2.21       123       416     0.704     0.945     0.911     0.807      1.53     0.752         0
   240/272     10.4G      1.47      0.73         0       2.2       148       416     0.719     0.945     0.912     0.817      1.53     0.755         0
   241/272     10.4G      1.47      0.73         0       2.2       170       416     0.708     0.945      0.91      0.81      1.53     0.752         0
   242/272     10.4G      1.47     0.726         0      2.19       125       416     0.706     0.946     0.911     0.808      1.53     0.757         0
   243/272     10.4G      1.47     0.724         0      2.19       162       416     0.713     0.946     0.911     0.813      1.53     0.753         0
   244/272     10.4G      1.46     0.722         0      2.19       148       416     0.724     0.946     0.912     0.821      1.53     0.758         0
   245/272     10.4G      1.46     0.719         0      2.18       140       416     0.718     0.945     0.912     0.816      1.53     0.768         0
   246/272     10.4G      1.46      0.72         0      2.18       186       416     0.709     0.947     0.911     0.811      1.53     0.767         0
   247/272     10.4G      1.45     0.707         0      2.15       113       416     0.721     0.946     0.912     0.819      1.52     0.766         0
   248/272     10.4G      1.43     0.704         0      2.14       173       416     0.721     0.945     0.912     0.818      1.52      0.77         0
   249/272     10.4G      1.44       0.7         0      2.14       158       416      0.72     0.946     0.913     0.817      1.52      0.77         0
   250/272     10.4G      1.43     0.698         0      2.13       177       416     0.725     0.945     0.913      0.82      1.52     0.773         0
   251/399     11.4G      1.75     0.971         0      2.72       145       416     0.631     0.904     0.848     0.743      1.82     0.845         0
   252/399     11.4G      1.77     0.995         0      2.77       136       416     0.609     0.906     0.838     0.729      1.83     0.842         0
   253/399     11.4G      1.77     0.987         0      2.76       203       416     0.649     0.892     0.837     0.751      1.83     0.828         0
   254/399     11.4G      1.77     0.987         0      2.75       173       416     0.628     0.906     0.847     0.742      1.82     0.816         0
   255/399     11.4G      1.77     0.982         0      2.75       156       416     0.619      0.91     0.859     0.737      1.83     0.816         0
   256/399     11.4G      1.76     0.982         0      2.75       147       416     0.615     0.908     0.843     0.733      1.83     0.856         0
   257/399     11.4G      1.76     0.978         0      2.74       139       416     0.631     0.912     0.859     0.746      1.83     0.831         0
   258/399     11.4G      1.76      0.98         0      2.74       162       416     0.632     0.906     0.852     0.745      1.79     0.806         0
   259/399     11.4G      1.75     0.975         0      2.73       130       416     0.638     0.907     0.853     0.749      1.79     0.819         0
   260/399     11.4G      1.76     0.977         0      2.73       152       416     0.644     0.903     0.848     0.752      1.81     0.817         0
   261/399     11.4G      1.75     0.977         0      2.73       146       416     0.655     0.904     0.852      0.76       1.8     0.819         0
   262/399     11.4G      1.75     0.973         0      2.73       150       416     0.635     0.909      0.85     0.747      1.78     0.813         0
   263/399     11.4G      1.75     0.976         0      2.73       142       416     0.645     0.902      0.84     0.752      1.79     0.827         0
   264/399     11.4G      1.75     0.974         0      2.73       131       416     0.638     0.906     0.849     0.749       1.8       0.8         0
   265/399     11.4G      1.75     0.974         0      2.73       100       416      0.64     0.902     0.853     0.749       1.8      0.82         0
   266/399     11.4G      1.75     0.968         0      2.72       169       416     0.625     0.904     0.843     0.739      1.79     0.817         0
   267/399     11.4G      1.75     0.971         0      2.72       198       416     0.626     0.901     0.846     0.739      1.84      0.82         0
   268/399     11.4G      1.75     0.969         0      2.72       125       416     0.627     0.911     0.857     0.743      1.79     0.814         0
   269/399     11.4G      1.75     0.967         0      2.71       155       416     0.644     0.902     0.852     0.752      1.78      0.81         0
   270/399     11.4G      1.75     0.968         0      2.72       148       416     0.661     0.897     0.845     0.761      1.79     0.817         0
   271/399     11.4G      1.75     0.968         0      2.71       156       416     0.638     0.911     0.862      0.75      1.77     0.807         0
   272/399     11.4G      1.75     0.963         0      2.71       129       416     0.602     0.908     0.844     0.724      1.81     0.812         0
   273/399     11.4G      1.74     0.968         0      2.71       123       416     0.651     0.908     0.856     0.758       1.8     0.815         0
   274/399     11.4G      1.75     0.969         0      2.72       100       416     0.611     0.907      0.85     0.731       1.8     0.822         0
   275/399     11.4G      1.74     0.963         0      2.71       138       416     0.642     0.905     0.852     0.751       1.8     0.823         0
   276/399     11.4G      1.74     0.964         0      2.71       126       416     0.649     0.899     0.845     0.754      1.81     0.826         0
   277/399     11.4G      1.75     0.966         0      2.71       150       416     0.639     0.907     0.854      0.75      1.78     0.808         0
   278/399     11.4G      1.74     0.962         0       2.7       126       416      0.65     0.903     0.851     0.756       1.8      0.81         0
   279/399     11.4G      1.74     0.965         0       2.7       152       416      0.65     0.903     0.843     0.755      1.79     0.825         0
